[gd_scene format=2]

[node name="Untitled" type="Spatial"]

[node name="Armature" type="Spatial" parent="."]
transform = Transform( 0.01, 0, 0, 0, 0, -0.01, 0, 0.01, 0, 0, 0, 0 )

[node name="Skeleton" type="Skeleton" parent="Armature"]
bones/0/name = "mixamorig_Hips"
bones/0/parent = -1
bones/0/rest = Transform( 1, 0, 0, 0, 0, 1, 0, -1, 0, 1.12437, 6.24833, -174.391 )
bones/0/enabled = true
bones/0/bound_children = [  ]
bones/1/name = "mixamorig_Spine"
bones/1/parent = 0
bones/1/rest = Transform( 1, 2.52435e-29, -4.42244e-19, 6.94655e-22, 0.999999, 0.00157075, 4.42244e-19, -0.00157075, 0.999999, 1.19209e-07, 13.5197, -0.0212351 )
bones/1/enabled = true
bones/1/bound_children = [  ]
bones/2/name = "mixamorig_Spine1"
bones/2/parent = 1
bones/2/rest = Transform( 1, -5.85983e-27, 2.76067e-21, 5.82319e-27, 1, 1.32713e-08, -2.76067e-21, -1.32713e-08, 1, 1.19209e-07, 15.773, 2.98023e-08 )
bones/2/enabled = true
bones/2/bound_children = [  ]
bones/3/name = "mixamorig_Spine2"
bones/3/parent = 2
bones/3/rest = Transform( 1, -3.0543e-27, -2.58493e-26, 3.0543e-27, 1, 7.33417e-09, 2.58493e-26, -7.33417e-09, 1, 1.19209e-07, 18.0263, -6.25849e-07 )
bones/3/enabled = true
bones/3/bound_children = [  ]
bones/4/name = "mixamorig_Neck"
bones/4/parent = 3
bones/4/rest = Transform( 1, 6.90328e-22, 4.39483e-19, -2.52435e-29, 0.999999, -0.00157077, -4.39484e-19, 0.00157077, 0.999999, 1.19209e-07, 20.2796, 5.96046e-08 )
bones/4/enabled = true
bones/4/bound_children = [  ]
bones/5/name = "mixamorig_Head"
bones/5/parent = 4
bones/5/rest = Transform( 1, -5.04871e-29, 5.16988e-26, 5.04871e-29, 1, -1.14845e-10, -5.16988e-26, 1.14845e-10, 1, -1.19209e-07, 30.0954, 0.00618179 )
bones/5/enabled = true
bones/5/bound_children = [  ]
bones/6/name = "mixamorig_HeadTop_End"
bones/6/parent = 5
bones/6/rest = Transform( -1, 7.57306e-29, 1.50996e-07, 7.57306e-29, 1, -5.7175e-36, -1.50996e-07, 5.7175e-36, -1, -1.19209e-07, 68.9327, 0.0141568 )
bones/6/enabled = true
bones/6/bound_children = [  ]
bones/7/name = "mixamorig_LeftShoulder"
bones/7/parent = 3
bones/7/rest = Transform( 0.00549108, -0.996857, 0.0790306, -0.000101805, -0.0790325, -0.996872, 0.999985, 0.00546587, -0.000535488, -12.105, 18.736, 0.0683858 )
bones/7/enabled = true
bones/7/bound_children = [  ]
bones/8/name = "mixamorig_LeftArm"
bones/8/parent = 7
bones/8/rest = Transform( -0.999997, 0.00212988, -0.00110964, 1.62283e-07, 0.462103, 0.886826, 0.0024016, 0.886824, -0.462101, 8.49366e-07, 25.3335, -2.37948e-05 )
bones/8/enabled = true
bones/8/bound_children = [  ]
bones/9/name = "mixamorig_LeftForeArm"
bones/9/parent = 8
bones/9/rest = Transform( 0.999694, 0.0245846, 0.00277835, -0.0247411, 0.993371, 0.112262, -2.49129e-08, -0.112296, 0.993675, 3.57628e-07, 46.9738, 8.08761e-06 )
bones/9/enabled = true
bones/9/bound_children = [  ]
bones/10/name = "mixamorig_LeftHand"
bones/10/parent = 9
bones/10/rest = Transform( 1, 1.92085e-09, -4.5402e-09, -1.92085e-09, 1, -2.38742e-09, 4.5402e-09, 2.38742e-09, 1, -4.76837e-07, 73.0473, -1.54497e-05 )
bones/10/enabled = true
bones/10/bound_children = [  ]
bones/11/name = "mixamorig_RightShoulder"
bones/11/parent = 3
bones/11/rest = Transform( -0.00574791, 0.996857, -0.0790127, -0.000195235, -0.0790151, -0.996873, -0.999984, -0.00571448, 0.000648737, 12.105, 18.7362, -0.0732339 )
bones/11/enabled = true
bones/11/bound_children = [  ]
bones/12/name = "mixamorig_RightArm"
bones/12/parent = 11
bones/12/rest = Transform( -0.99997, 0.00682032, -0.00355372, 1.98139e-07, 0.462108, 0.886824, 0.00769063, 0.886798, -0.462094, 5.66244e-07, 25.3335, -1.21072e-06 )
bones/12/enabled = true
bones/12/bound_children = [  ]
bones/13/name = "mixamorig_RightForeArm"
bones/13/parent = 12
bones/13/rest = Transform( 0.999916, 0.0128512, 0.00145221, -0.012933, 0.993595, 0.112254, -3.12808e-07, -0.112264, 0.993678, -5.96046e-08, 46.9743, 8.39494e-06 )
bones/13/enabled = true
bones/13/bound_children = [  ]
bones/14/name = "mixamorig_RightHand"
bones/14/parent = 13
bones/14/rest = Transform( 1, 2.91015e-11, 6.29188e-08, -2.91063e-11, 1, 7.52566e-08, -6.29188e-08, -7.52566e-08, 1, 5.84405e-07, 73.0347, 1.25589e-05 )
bones/14/enabled = true
bones/14/bound_children = [  ]
bones/15/name = "mixamorig_LeftUpLeg"
bones/15/parent = 0
bones/15/rest = Transform( 1, -1.05879e-22, -6.36161e-13, 1.37707e-15, -0.999998, 0.00216466, -6.3616e-13, -0.00216466, -0.999997, -22.2607, -7.51093, -0.441179 )
bones/15/enabled = true
bones/15/bound_children = [  ]
bones/16/name = "mixamorig_LeftLeg"
bones/16/parent = 15
bones/16/rest = Transform( -0.98186, 0.185969, -0.0369703, 0.189608, 0.963015, -0.191444, 4.1537e-07, -0.194981, -0.980807, -3.4639e-12, 68.5722, 6.55665e-07 )
bones/16/enabled = true
bones/16/bound_children = [  ]
bones/17/name = "mixamorig_LeftFoot"
bones/17/parent = 16
bones/17/rest = Transform( -0.896885, 0.442262, -0.00151855, 2.5332e-07, -0.00343311, -0.999994, -0.442265, -0.896879, 0.00307894, -1.59722e-06, 84.4997, -3.91901e-06 )
bones/17/enabled = true
bones/17/bound_children = [  ]
bones/18/name = "mixamorig_LeftToeBase"
bones/18/parent = 17
bones/18/rest = Transform( 0.999741, -0.0227439, 0.00102561, 0.022767, 0.998725, -0.0450476, 2.51282e-07, 0.0450592, 0.998984, 8.9407e-07, 40.1011, 2.14577e-06 )
bones/18/enabled = true
bones/18/bound_children = [  ]
bones/19/name = "mixamorig_LeftToe_End"
bones/19/parent = 18
bones/19/rest = Transform( 1, 1.18278e-07, 1.37836e-07, -1.18278e-07, 1, 7.45057e-09, -1.37836e-07, -7.45059e-09, 1, 2.87592e-06, 19.0002, 2.38419e-07 )
bones/19/enabled = true
bones/19/bound_children = [  ]
bones/20/name = "mixamorig_RightUpLeg"
bones/20/parent = 0
bones/20/rest = Transform( 1, 0, 6.61558e-13, 1.37896e-15, -0.999998, -0.00208442, 6.61556e-13, 0.00208442, -0.999998, 22.2607, -7.51093, 0.432926 )
bones/20/enabled = true
bones/20/bound_children = [  ]
bones/21/name = "mixamorig_RightLeg"
bones/21/parent = 20
bones/21/rest = Transform( -0.981872, -0.189391, -0.0075849, -0.189543, 0.981086, 0.0392913, 1.30385e-08, 0.0400167, -0.999199, 1.90735e-06, 68.5721, 4.32149e-07 )
bones/21/enabled = true
bones/21/bound_children = [  ]
bones/22/name = "mixamorig_RightFoot"
bones/22/parent = 21
bones/22/rest = Transform( -0.686832, -0.695109, -0.212335, -5.96047e-08, 0.292143, -0.956375, 0.726817, -0.656868, -0.200653, -4.6147e-07, 82.9726, 7.97212e-07 )
bones/22/enabled = true
bones/22/bound_children = [  ]
bones/23/name = "mixamorig_RightToeBase"
bones/23/parent = 22
bones/23/rest = Transform( 0.948098, -0.315555, 0.0391685, 0.317976, 0.940878, -0.116787, -7.07805e-08, 0.12318, 0.992384, -1.90735e-06, 25.4831, 1.19209e-06 )
bones/23/enabled = true
bones/23/bound_children = [  ]
bones/24/name = "mixamorig_RightToe_End"
bones/24/parent = 23
bones/24/rest = Transform( 1, -2.6077e-08, -1.20141e-07, 2.6077e-08, 1, -3.1665e-08, 1.20141e-07, 3.1665e-08, 1, -8.9407e-07, 18.9133, -1.43051e-06 )
bones/24/enabled = true
bones/24/bound_children = [  ]
